1215722961798168617
1165774670348423208
921838038580084777
675304866075115520
470573716711931905
1175045928223244368
310848622642069504
493130534805831700
1315756244392214541
526796308460208128
575776004233232386
405924615521697793
1108154841710207097
602914978210644001
1201794701733417010
1230896688940585023
616363372090228752
785553573562810419
1287170701689753703
1210577723995586580
464272403766444044
235148962103951360
783320712135180348
1236723842748121138
1055784061920088094
810283650800549919
1115302169168584806
790635262123573259
1246410079130091572
1312455762760433747
874015524709863435
708616355024207884
1285943341170819136
748556262802849812
946056766465142816
1317877740271308821
527261447567179806
730818223964028959
706178335398429063
1081313979730759811
847140195881975848
1135029042437947413
1271341023041290282
805305494238920764
1005254777090875412
873611796819370115
1265032307081744385
1106125161243099136
692776165236277290
1319681016599805965
1181720106783485955
1066794739820666910
1254786853618319432
939651968664731718
1193653263027949578
416670511804842007
1258056894392696943
901562735488294972
1112532678693093532
1019662901021245480
592466577589534731
1284122547293650965
860822725646876692
1259861190948163617
937752834886225951
1321938657770344528
1289658702613446702
1195378733394178058
781166830123221015
468281173072805889
1272634927694741671
526788120088412161
1146101458366898176
410138706490425344
1190007685131800612
306864007707492358
768372507588821023
776472896100368407
1216379297158402192
526046792882847744
1323406638018986066
1319535728857710625
1125287657061220503
1198036177798840455
911951675160408085
478321260481478677
1047906895786164224
635067163450802196
762217899355013120
805154596690329611
1126213830918291456
613063741822599201
709790218424942664
903559021557075969
1191746260760277013
1231139510918578206
576290557832200194
1265231570076438563
1188419310390095904
1316414833079484426
1315652289624674315
414027797418213387
387227132616638474
1215687868530556978
1195377745379725315
1152926443312009246
1068140843464134656
1291007697843523645
1129955902494089216
701158338280554556
695349186002026687
1233669748361789440
1156225876824965170
1232307017482240060
796323783794753546
491769129318088714
1320506630282022958
721772274830540833
790552587581259787
1084241255216722062
1291394854785384502
918777796275339334
791235840088866826
1204524872982728734
675353015846436884
1285161603070820393
699196725742796871
1012095607957110885
945011007942701187
1300834222717669376
1243315816598999155
1248611514143871046
315926021457051650
1116437237236772864
1013841408471339130
